IC0010_GL 0 20 24 59 18 0
IC0043_GL 0 42 24 29 38 0
IC0049_GL 0 44 0 1 51 0
IC0051_GL 0 46 24 -13 26 0
IC0056_GL 0 51 30 -12 51 0
IC0059_DN 0 56 42 61 4 0
IC0063_DN 0 59 30 60 49 0
IC0065_GL 1 0 54 47 41 0
IC0079_GL 1 8 48 -15 57 0
IC0089_GL 1 16 6 4 18 0
IC0119_GL 1 27 54 -2 3 0
IC0127_GL 1 29 48 -6 59 0
IC0146_GL 1 38 42 -17 50 0
IC0166_DN 1 52 30 61 50 0
IC0167_GL 1 51 6 21 55 0
IC0172_DN 1 54 54 0 49 0
IC0173_GL 1 56 0 1 17 0
IC0175_DN 1 56 18 1 20 0
IC0198_GL 2 6 6 9 17 0
IC0208_GL 2 8 24 6 23 0
IC0209_GL 2 9 0 -7 4 0
IC0211_GL 2 11 6 3 52 0
IC0223_GL 2 22 0 -20 45 0
IC0239_GL 2 36 30 38 58 0
IC0249_GL 2 41 6 -6 56 0
IC0267_GL 2 53 48 12 50 0
IC0277_GL 2 59 48 2 46 0
IC0284_GL 3 6 12 42 23 0
IC0289_PN 3 10 18 61 19 0
IC0292_GL 3 10 18 40 46 0
IC0302_GL 3 12 48 4 42 0
IC0309_GL 3 16 6 40 48 0
IC0310_GL 3 16 42 41 20 0
IC0312_GL 3 18 6 41 45 0
IC0313_GL 3 21 0 41 54 0
IC0324_GL 3 26 30 -21 21 0
IC0334_GL 3 45 12 76 38 0
IC0335_GL 3 35 30 -34 27 0
IC0342_GL 3 46 48 68 6 0
IC0343_GL 3 40 6 -18 27 0
IC0346_GL 3 41 42 -18 16 0
IC0347_GL 3 42 30 -4 17 0
IC0348_DN 0 34 240 32 17 0
IC0351_PN 3 47 30 35 3 0
IC0353_DN 3 55 0 25 29 0
IC0356_GL 4 7 48 69 49 0
IC0359_DN 4 19 0 28 12 0
IC0360_DN 4 13 0 25 38 0
IC0361_OC 4 19 0 58 18 0
IC0382_GL 4 37 54 -9 31 0
IC0387_GL 4 41 42 -7 5 0
IC0391_GL 4 57 24 78 11 0
IC0396_GL 4 58 0 68 19 0
IC0398_GL 4 58 12 -7 47 0
IC0405_DN 5 16 12 34 16 0
IC0410_DN 0 52 120 33 31 0
IC0416_GL 5 23 54 -17 16 0
IC0417_DN 5 28 6 34 26 0
IC0418_PN 5 27 30 -12 42 0
IC0423_DN 5 33 24 0 -37 0
IC0426_DN 5 36 48 0 -15 0
IC0430_DN 5 38 30 -7 5 0
IC0431_DN 5 40 18 -1 27 0
IC0432_DN 5 40 54 -1 29 0
IC0434_DN 5 41 0 -2 24 0
IC0435_DN 5 43 0 -2 19 0
IC0438_GL 5 53 0 -17 53 0
IC0443_DN 6 16 54 22 47 0
IC0444_DN 6 20 24 23 16 0
IC0446_DN 6 31 0 10 27 0
IC0448_DN 6 32 42 7 19 0
IC0449_GL 6 45 42 71 21 0
IC0450_GL 6 52 12 74 26 0
IC0451_GL 6 52 54 74 29 0
IC0456_GL 7 0 18 -30 10 0
IC0466_DN 7 8 36 -4 19 0
IC0467_GL 7 30 0 79 52 0
IC0468_DN 7 17 30 -13 9 0
IC0469_GL 7 56 0 85 10 0
IC0492_GL 8 5 42 26 10 0
IC0509_GL 8 32 0 24 0 0
IC0511_GL 8 40 48 73 29 0
IC0512_GL 9 4 0 85 30 0
IC0520_GL 8 53 42 73 29 0
IC0529_GL 9 18 30 73 46 0
IC0538_GL 9 27 24 23 1 0
IC0543_GL 9 30 54 -14 44 0
IC0547_GL 9 36 12 -12 25 0
IC0562_GL 9 46 6 -3 58 0
IC0563_GL 9 46 18 3 3 0
IC0564_GL 9 46 24 3 4 0
IC0600_GL 10 17 12 -3 30 0
IC0602_GL 10 18 18 7 3 0
IC0610_GL 10 26 30 20 14 0
IC0624_GL 10 36 18 -8 21 0
IC0629_GL 10 37 0 -27 34 0
IC0630_GL 10 38 30 -7 10 0
IC0651_GL 10 51 0 -2 8 0
IC0655_DN 10 54 24 0 -22 0
IC0676_GL 11 12 42 9 4 0
IC0694_GL 11 28 30 58 34 0
IC0701_GL 11 30 48 20 28 0
IC0712_GL 11 34 48 49 4 0
IC0740_GL 11 50 36 55 21 0
IC0749_GL 11 58 36 42 44 0
IC0750_GL 11 58 54 42 43 0
IC0751_GL 11 58 54 42 34 0
IC0755_GL 12 1 12 14 6 0
IC0757_OC 12 3 24 52 39 0
IC0758_GL 12 4 12 62 30 0
IC0760_GL 12 5 54 -29 18 0
IC0764_GL 12 10 12 -29 44 0
IC0769_GL 12 12 30 12 7 0
IC0773_GL 12 18 6 6 8 0
IC0775_GL 12 18 54 12 55 0
IC0781_DN 12 20 6 14 58 0
IC0783_GL 12 21 36 15 45 0
IC0794_GL 12 28 6 12 6 0
IC0800_GL 12 33 54 15 21 0
IC0802_DN 12 35 48 74 15 0
IC0818_GL 12 46 36 29 44 0
IC0821_GL 12 47 24 29 48 0
IC0835_GL 12 56 54 26 29 0
IC0844_GL 13 3 18 -30 31 0
IC0850_GL 13 7 48 0 -51 0
IC0853_GL 13 8 36 52 46 0
IC0863_GL 13 17 12 -17 16 0
IC0874_GL 13 19 0 -27 38 0
IC0875_GL 13 17 6 57 32 0
IC0879_GL 13 19 42 -27 26 0
IC0883_GL 13 20 36 34 8 0
IC0900_GL 13 34 42 9 21 0
IC0903_DN 13 38 24 0 -14 0
IC0922_DN 13 43 18 55 36 0
IC0928_DN 13 43 42 55 37 0
IC0931_DN 13 43 48 55 37 0
IC0954_GL 13 50 0 71 10 0
IC0982_GL 14 10 0 17 42 0
IC0983_GL 14 10 6 17 44 0
IC0991_GL 14 17 42 -13 53 0
IC1014_GL 14 28 18 13 47 0
IC1029_GL 14 32 30 49 54 0
IC1055_GL 14 47 24 -13 44 0
IC1065_GL 14 49 18 63 16 0
IC1067_GL 14 53 6 3 20 0
IC1076_GL 14 55 0 18 2 0
IC1077_GL 14 57 24 -19 13 0
IC1081_GL 14 58 54 -19 14 0
IC1090_GL 15 3 42 42 41 0
IC1091_GL 15 8 12 -11 9 0
IC1099_GL 15 6 54 56 31 0
IC1131_GL 15 38 54 12 5 0
IC1143_GL 15 30 42 82 28 0
IC1151_GL 15 58 30 17 27 0
IC1155_GL 16 0 36 15 42 0
IC1158_GL 16 1 30 1 43 0
IC1167_GL 16 3 54 14 57 0
IC1170_GL 16 4 30 17 43 0
IC1173_GL 16 5 12 17 25 0
IC1178_GL 16 5 30 17 36 0
IC1181_GL 16 5 36 17 35 0
IC1185_GL 16 5 42 17 43 0
IC1186_GL 16 5 42 17 22 0
IC1188_GL 16 6 6 17 27 0
IC1189_GL 16 6 12 18 11 0
IC1191_GL 16 6 30 18 16 0
IC1192_GL 16 6 36 17 46 0
IC1193_GL 16 6 30 17 43 0
IC1195_GL 16 6 42 17 12 0
IC1209_DN 16 18 42 15 34 0
IC1222_GL 16 35 6 46 13 0
IC1236_GL 16 58 30 20 2 0
IC1237_GL 16 56 18 55 2 0
IC1248_GL 17 11 48 60 0 0
IC1254_GL 17 11 30 72 24 0
IC1258_GL 17 27 18 58 31 0
IC1259_GL 17 27 24 58 33 0
IC1267_GL 17 38 42 59 23 0
IC1269_GL 17 52 6 21 34 0
IC1274_DN 18 9 30 -23 44 0
IC1275_DN 18 10 0 -23 50 0
IC1276_GC 18 10 42 -7 12 0
IC1284_DN 18 17 42 -19 40 0
IC1287_DN 18 31 18 -10 50 0
IC1297_PN 19 17 24 -39 37 0
IC1301_GL 19 26 36 49 45 0
IC1302_GL 19 30 54 35 47 0
IC1309_GL 20 3 6 -17 14 0
IC1311_DN 20 10 18 41 13 0
IC1313_GL 20 18 42 -16 57 0
IC1317_GL 20 23 18 0 40 0
IC1318_PN 20 22 12 40 15 0
IC1339_GL 20 57 54 -17 57 0
IC1340_DN 20 56 12 31 4 0
IC1347_GL 21 1 42 -13 19 0
IC1369_OC 21 12 6 47 44 0
IC1386_GL 21 29 36 -21 12 0
IC1392_GL 21 35 36 35 24 0
IC1396_DN 21 39 6 57 30 0
IC1401_GL 21 46 54 1 42 0
IC1412_GL 21 58 18 -17 11 0
IC1417_GL 22 0 24 -13 9 0
IC1434_OC 22 10 30 52 50 0
IC1438_GL 22 16 30 -21 26 0
IC1439_GL 22 16 42 -21 29 0
IC1441_GL 22 15 18 37 18 0
IC1442_OC 22 16 30 54 3 0
IC1443_GL 22 19 6 -20 56 0
IC1445_GL 22 25 30 -17 15 0
IC1459_GL 22 57 12 -36 28 0
IC1470_DN 23 5 12 60 15 0
IC1486_GL 23 23 48 9 39 0
IC1495_GL 23 30 48 -13 30 0
IC1508_GL 23 45 54 12 4 0
IC1515_GL 23 56 12 0 -59 0
IC1516_GL 23 56 18 0 -55 0
IC1524_GL 23 59 18 -4 9 0
IC1525_GL 23 59 24 46 54 0
IC1530_GL 0 7 18 32 37 0
IC1531_GL 0 9 36 -32 17 0
IC1532_GL 0 9 54 -64 22 0
IC1554_GL 0 33 6 -32 16 0
IC1555_GL 0 34 36 -30 1 0
IC1558_GL 0 35 48 -25 22 0
IC1559_GL 0 36 54 23 59 0
IC1562_GL 0 38 36 -24 17 0
IC1563_GL 0 39 0 -9 1 0
IC1565_GL 0 39 24 6 43 0
IC1574_GL 0 43 6 -22 15 0
IC1591_GL 0 52 6 -22 41 0
IC1594_GL 0 53 42 -47 39 0
IC1595_GL 0 53 48 -45 11 0
IC1597_GL 0 53 30 -58 7 0
IC1603_GL 0 57 0 -45 25 0
IC1605_GL 0 57 36 -48 54 0
IC1608_GL 0 59 24 -34 20 0
IC1609_GL 0 59 48 -40 20 0
IC1613_GL 1 4 48 2 7 0
IC1615_GL 1 4 6 -51 8 0
IC1616_GL 1 4 54 -27 26 0
IC1617_GL 1 4 18 -51 2 0
IC1625_GL 1 7 42 -46 54 0
IC1627_GL 1 8 12 -46 6 0
IC1628_GL 1 8 48 -28 35 0
IC1630_GL 1 8 18 -46 45 0
IC1631_GL 1 8 48 -46 29 0
IC1633_GL 1 9 54 -45 56 0
IC1637_GL 1 11 0 -30 26 0
IC1649_GL 1 11 48 -55 51 0
IC1650_GL 1 12 18 -50 24 0
IC1653_GL 1 15 6 33 23 0
IC1657_GL 1 14 6 -32 39 0
IC1685_GL 1 23 0 33 11 0
IC1696_GL 1 24 54 -1 37 0
IC1703_GL 1 26 24 -1 38 0
IC1706_GL 1 27 12 14 47 0
IC1709_GL 1 27 54 -35 43 0
IC1713_GL 1 32 42 35 20 0
IC1719_GL 1 37 36 -33 55 0
IC1720_GL 1 40 24 -28 55 0
IC1722_GL 1 43 0 -34 11 0
IC1723_GL 1 43 12 8 53 0
IC1724_GL 1 43 12 -34 15 0
IC1727_GL 1 47 30 27 20 0
IC1728_GL 1 47 42 -33 36 0
IC1729_GL 1 47 54 -26 53 0
IC1731_GL 1 50 12 27 12 0
IC1734_GL 1 49 18 -32 45 0
IC1738_GL 1 51 6 -9 47 0
IC1743_GL 1 52 54 12 43 0
IC1746_GL 1 54 18 4 48 0
IC1759_GL 1 57 54 -32 59 0
IC1762_GL 1 57 48 -33 14 0
IC1768_GL 2 0 48 -25 2 0
IC1782_GL 2 7 18 -25 27 0
IC1783_GL 2 10 6 -32 56 0
IC1784_GL 2 16 12 32 39 0
IC1788_GL 2 15 48 -31 12 0
IC1795_DN 2 26 30 62 4 0
IC1796_GL 2 22 48 -41 22 0
IC1805_DN 0 23 120 61 27 0
IC1810_GL 2 29 24 -43 4 0
IC1811_GL 2 30 36 -34 16 0
IC1812_GL 2 29 30 -42 49 0
IC1813_GL 2 30 48 -34 13 0
IC1814_GL 2 31 6 -36 2 0
IC1816_GL 2 31 54 -36 40 0
IC1826_GL 2 39 6 -27 27 0
IC1828_GL 2 40 24 19 18 0
IC1830_GL 2 39 6 -27 27 0
IC1833_GL 2 41 36 -28 10 0
IC1848_DN 0 25 60 60 26 0
IC1856_GL 2 48 54 0 -46 0
IC1858_GL 2 49 6 -31 17 0
IC1860_GL 2 49 36 -31 11 0
IC1862_GL 2 52 0 -33 20 0
IC1870_GL 2 57 54 -2 21 0
IC1871_OC 3 6 24 60 41 0
IC1875_GL 3 3 54 -39 26 0
IC1877_GL 3 3 12 -50 31 0
IC1885_GL 3 6 42 -32 52 0
IC1892_GL 3 8 24 -23 3 0
IC1895_GL 3 9 36 -25 15 0
IC1898_GL 3 10 18 -22 24 0
IC1904_GL 3 15 0 -30 43 0
IC1906_GL 3 16 6 -34 22 0
IC1908_GL 3 15 6 -54 49 0
IC1909_GL 3 17 18 -33 41 0
IC1913_GL 3 19 36 -32 28 0
IC1914_GL 3 19 24 -49 36 0
IC1919_GL 3 26 0 -32 54 0
IC1928_GL 3 27 30 -21 34 0
IC1933_GL 3 25 42 -52 47 0
IC1935_GL 3 26 12 -50 1 0
IC1943_GL 3 38 42 -44 6 0
IC1950_GL 3 31 6 -50 26 0
IC1952_GL 3 33 24 -23 43 0
IC1953_GL 3 33 42 -21 29 0
IC1954_GL 3 31 36 -51 55 0
IC1959_GL 3 33 12 -50 25 0
IC1960_GL 3 32 36 -57 12 0
IC1962_GL 3 35 36 -21 17 0
IC1963_GL 3 35 30 -34 27 0
IC1965_GL 3 33 12 -56 33 0
IC1970_GL 3 36 30 -43 57 0
IC1978_GL 3 37 6 -50 9 0
IC1980_GL 3 37 0 -57 58 0
IC1981_GL 3 40 30 -26 52 0
IC1982_GL 3 37 42 -57 47 0
IC1983_GL 3 40 54 -22 34 0
IC1987_GL 3 40 12 -55 3 0
IC1989_GL 3 41 54 -50 57 0
IC1993_GL 3 47 6 -33 43 0
IC1997_GL 3 44 54 -59 8 0
IC2000_GL 3 49 6 -48 52 0
IC2003_PN 3 56 24 33 52 0
IC2006_GL 3 54 6 -35 59 0
IC2007_GL 3 55 24 -28 10 0
IC2009_GL 3 53 36 -48 59 0
IC2010_GL 3 52 0 -59 56 0
IC2014_GL 3 55 24 -56 45 0
IC2017_GL 3 56 42 -59 24 0
IC2018_GL 3 57 54 -52 47 0
IC2024_GL 4 0 6 -53 22 0
IC2025_GL 4 0 24 -53 4 0
IC2028_GL 4 1 18 -52 42 0
IC2029_GL 4 1 18 -52 48 0
IC2032_GL 4 7 6 -55 20 0
IC2033_GL 4 7 12 -53 41 0
IC2034_GL 4 6 36 -57 58 0
IC2035_GL 4 9 0 -45 31 0
IC2037_GL 4 8 18 -58 45 0
IC2038_GL 4 8 54 -56 0 0
IC2039_GL 4 9 0 -56 1 0
IC2040_GL 4 13 0 -32 33 0
IC2041_GL 4 12 36 -32 49 0
IC2043_GL 4 11 12 -53 41 0
IC2049_GL 4 12 6 -58 33 0
IC2050_GL 4 13 54 -53 29 0
IC2051_GL 3 52 0 -83 50 0
IC2056_GL 4 16 30 -60 13 0
IC2058_GL 4 17 54 -55 56 0
IC2059_GL 4 20 24 -31 44 0
IC2060_GL 4 17 54 -56 37 0
IC2062_GL 4 32 48 71 54 0
IC2065_GL 4 21 30 -55 56 0
IC2068_GL 4 26 36 -42 6 0
IC2070_GL 4 24 36 -57 59 0
IC2073_GL 4 26 36 -53 11 0
IC2075_GL 4 31 0 -5 48 0
IC2079_GL 4 28 30 -53 44 0
IC2081_GL 4 29 0 -53 37 0
IC2082_GL 4 29 6 -53 50 0
IC2083_GL 4 30 42 -53 59 0
IC2085_GL 4 31 24 -54 25 0
IC2087_DN 4 40 0 25 44 0
IC2103_GL 4 39 48 -76 50 0
IC2104_GL 4 56 30 -15 47 0
IC2106_GL 4 56 36 -28 30 0
IC2113_GL 4 59 36 -15 50 0
IC2118_DN 5 6 54 -7 13 0
IC2120_PN 5 18 12 37 36 0
IC2121_GL 5 19 42 -25 4 0
IC2122_GL 5 19 0 -37 5 0
IC2130_GL 5 31 48 -23 9 0
IC2135_GL 5 33 12 -36 24 0
IC2136_GL 5 33 12 -36 24 0
IC2143_GL 5 46 54 -18 44 0
IC2149_PN 5 56 18 46 7 0
IC2150_GL 5 51 18 -38 19 0
IC2151_GL 5 52 36 -17 47 0
IC2152_GL 5 57 54 -23 11 0
IC2153_GL 6 0 6 -33 55 0
IC2154_GL 6 1 6 -23 40 0
IC2157_OC 6 5 0 24 0 0
IC2158_GL 6 5 18 -27 51 0
IC2160_GL 5 55 30 -76 55 0
IC2162_DN 6 12 54 17 59 0
IC2164_GL 6 6 54 -75 22 0
IC2165_PN 6 21 42 -12 59 0
IC2166_GL 6 27 0 59 5 0
IC2169_DN 6 31 12 9 54 0
IC2171_GL 6 44 24 -17 56 0
IC2174_GL 7 9 6 75 21 0
IC2177_DN 7 5 6 -10 42 0
IC2179_GL 7 15 30 64 56 0
IC2184_GL 7 29 24 72 8 0
IC2200_GL 7 28 18 -62 22 0
IC2202_GL 7 27 54 -67 34 0
IC2209_GL 7 56 12 60 18 0
IC2226_GL 8 6 12 12 32 0
IC2233_GL 8 14 0 45 44 0
IC2311_GL 8 18 48 -25 22 0
IC2338_GL 8 23 36 21 20 0
IC2339_GL 8 23 36 21 20 0
IC2341_GL 8 23 42 21 26 0
IC2367_GL 8 24 12 -18 46 0
IC2378_GL 8 28 30 30 26 0
IC2389_GL 8 48 0 73 32 0
IC2391_OC 8 40 12 -53 4 0
IC2395_OC 8 41 6 -48 12 0
IC2421_GL 8 54 24 32 41 0
IC2437_GL 9 5 30 -19 12 0
IC2448_PN 9 7 6 -69 57 0
IC2469_GL 9 23 0 -32 27 0
IC2475_DN 9 27 54 29 48 0
IC2476_GL 9 27 54 29 59 0
IC2478_DN 9 27 54 30 1 0
IC2479_DN 9 28 6 30 0 0
IC2480_DN 9 28 12 29 43 0
IC2482_GL 9 27 0 -12 6 0
IC2487_GL 9 30 12 20 6 0
IC2488_OC 9 27 36 -56 59 0
IC2490_DN 9 33 6 29 55 0
IC2501_PN 9 38 48 -60 5 0
IC2507_GL 9 44 36 -31 47 0
IC2510_GL 9 47 42 -32 50 0
IC2511_GL 9 49 24 -32 51 0
IC2512_GL 9 49 24 -32 51 0
IC2513_GL 9 50 0 -32 53 0
IC2514_GL 9 50 0 -32 53 0
IC2522_GL 9 55 12 -33 8 0
IC2523_GL 9 55 12 -33 13 0
IC2526_GL 9 57 6 -32 15 0
IC2528_GL 9 59 6 -27 8 0
IC2529_GL 9 59 30 -22 50 0
IC2531_GL 9 59 54 -29 37 0
IC2532_GL 10 0 6 -34 14 0
IC2533_GL 10 0 30 -31 15 0
IC2534_GL 10 1 30 -34 7 0
IC2536_GL 10 3 30 -33 57 0
IC2537_GL 10 3 54 -27 34 0
IC2538_GL 10 3 54 -34 48 0
IC2539_GL 10 4 18 -31 22 0
IC2548_GL 10 7 54 -35 14 0
IC2552_GL 10 10 48 -34 51 0
IC2553_PN 10 9 18 -62 37 0
IC2554_GL 10 8 54 -67 2 0
IC2555_GL 10 11 42 -31 39 0
IC2556_GL 10 12 36 -34 44 0
IC2558_GL 10 14 42 -34 20 0
IC2559_GL 10 14 48 -34 4 0
IC2560_GL 10 16 18 -33 34 0
IC2563_GL 10 18 54 -32 36 0
IC2570_GL 10 21 36 -33 37 0
IC2571_GL 10 21 36 -34 16 0
IC2573_GL 10 23 30 -35 27 0
IC2574_GL 10 28 24 68 25 0
IC2578_GL 10 27 24 -33 53 0
IC2580_GL 10 28 18 -31 31 0
IC2581_OC 10 27 24 -57 38 0
IC2582_GL 10 29 12 -30 21 0
IC2584_GL 10 29 54 -34 55 0
IC2585_GL 10 30 24 -35 22 0
IC2586_GL 10 31 0 -28 43 0
IC2587_GL 10 31 0 -34 34 0
IC2588_GL 10 31 48 -30 23 0
IC2592_GL 10 35 6 -43 42 0
IC2594_GL 10 36 6 -24 19 0
IC2596_GL 10 34 12 -73 14 0
IC2597_GL 10 37 48 -27 5 0
IC2602_OC 10 43 12 -64 24 0
IC2604_GL 10 49 24 32 47 0
IC2621_PN 11 0 18 -65 15 0
IC2624_GL 11 7 18 -19 28 0
IC2625_GL 11 7 18 -19 33 0
IC2627_GL 11 9 54 -23 44 0
IC2714_OC 11 17 54 -62 42 0
IC2738_GL 11 21 18 34 22 0
IC2752_DN 11 22 0 14 8 0
IC2754_DN 11 22 0 14 9 0
IC2761_DN 11 22 18 14 11 0
IC2764_GL 11 27 6 -28 59 0
IC2765_DN 11 22 24 14 13 0
IC2769_DN 11 22 24 14 12 0
IC2799_DN 11 24 24 13 51 0
IC2810_DN 11 25 48 14 40 0
IC2872_DN 11 29 0 -62 57 0
IC2944_DN 11 36 36 -63 2 0
IC2948_DN 11 38 48 -63 32 0
IC2965_GL 11 54 0 -19 34 0
IC2966_DN 11 50 24 -64 54 0
IC2974_GL 11 53 54 -5 9 0
IC2977_GL 11 55 12 -37 42 0
IC2980_GL 11 57 30 -73 41 0
IC2995_GL 12 5 48 -27 56 0
IC3005_GL 12 7 12 -30 1 0
IC3010_GL 12 7 54 -30 20 0
IC3011_GL 12 8 12 10 22 0
IC3015_GL 12 9 0 -31 31 0
IC3044_GL 12 12 48 13 59 0
IC3050_GL 12 13 42 13 26 0
IC3059_GL 12 14 54 13 28 0
IC3061_GL 12 15 6 14 2 0
IC3064_GL 12 15 12 13 1 0
IC3065_DN 12 15 12 14 26 0
IC3077_DN 12 16 6 14 24 0
IC3080_DN 12 16 12 14 13 0
IC3096_DN 12 16 54 14 31 0
IC3104_GL 12 18 48 -79 44 0
IC3112_GL 12 17 48 26 1 0
IC3115_GL 12 18 0 6 39 0
IC3136_GL 12 19 0 6 11 0
IC3152_GL 12 19 36 -26 9 0
IC3155_GL 12 19 48 6 0 0
IC3244_GL 12 23 12 14 23 0
IC3253_GL 12 23 42 -34 38 0
IC3256_GL 12 23 42 7 3 0
IC3259_GL 12 23 48 7 11 0
IC3260_GL 12 23 54 7 7 0
IC3267_GL 12 24 6 7 3 0
IC3290_GL 12 25 12 -39 47 0
IC3303_GL 12 25 12 12 43 0
IC3322_GL 12 25 54 7 33 0
IC3323_GL 12 25 48 27 33 0
IC3330_GL 12 25 54 30 51 0
IC3355_GL 12 26 48 13 11 0
IC3370_GL 12 27 36 -39 20 0
IC3381_GL 12 28 18 11 47 0
IC3392_GL 12 28 42 15 0 0
IC3393_GL 12 28 42 12 55 0
IC3413_GL 12 29 24 11 26 0
IC3414_GL 12 29 24 6 46 0
IC3418_GL 12 29 42 11 24 0
IC3442_GL 12 31 18 14 7 0
IC3457_GL 12 31 54 12 39 0
IC3474_GL 12 32 36 2 40 0
IC3475_GL 12 32 42 12 46 0
IC3476_GL 12 32 42 14 3 0
IC3478_GL 12 32 42 14 12 0
IC3499_GL 12 33 42 10 59 0
IC3522_GL 12 34 48 15 13 0
IC3528_GL 12 34 54 15 34 0
IC3543_GL 12 35 42 26 17 0
IC3568_PN 12 32 54 82 33 0
IC3569_GL 12 36 6 19 19 0
IC3582_GL 12 36 30 26 12 0
IC3585_GL 12 36 42 26 50 0
IC3598_GL 12 37 24 28 12 0
IC3600_GL 12 37 36 27 8 0
IC3639_GL 12 40 54 -36 45 0
IC3645_GL 12 40 30 26 32 0
IC3646_GL 12 40 30 26 31 0
IC3651_GL 12 40 48 26 44 0
IC3675_GL 12 41 54 41 17 0
IC3687_GL 12 42 6 38 30 0
IC3718_GL 12 44 48 12 21 0
IC3720_GL 12 44 48 12 4 0
IC3723_GL 12 44 30 40 44 0
IC3742_GL 12 45 30 13 20 0
IC3804_GL 12 48 48 35 20 0
IC3806_GL 12 48 54 14 54 0
IC3813_GL 12 50 0 -25 55 0
IC3829_GL 12 52 12 -29 50 0
IC3833_GL 12 51 30 -13 19 0
IC3881_GL 12 54 48 19 11 0
IC3896_GL 12 56 36 -50 19 0
IC3900_GL 12 55 42 27 15 0
IC3927_GL 12 58 12 -22 53 0
IC3946_GL 12 58 48 27 49 0
IC3949_GL 12 58 54 27 50 0
IC3959_GL 12 59 6 27 47 0
IC3960_GL 12 59 6 27 51 0
IC3961_GL 12 59 6 34 52 0
IC3963_GL 12 59 12 27 47 0
IC3974_GL 13 5 18 -35 20 0
IC3986_GL 13 1 30 -32 17 0
IC3990_GL 12 59 36 28 54 0
IC4040_GL 13 0 36 28 3 0
IC4041_GL 13 0 42 28 0 0
IC4045_GL 13 0 48 28 5 0
IC4051_GL 13 0 54 28 0 0
IC4180_GL 13 6 54 -23 55 0
IC4182_GL 13 5 48 37 36 0
IC4189_GL 13 6 0 35 58 0
IC4190_GL 13 5 54 37 37 0
IC4191_PN 13 8 48 -67 39 0
IC4196_GL 13 7 36 -24 1 0
IC4197_GL 13 8 6 -23 48 0
IC4200_GL 13 9 36 -51 58 0
IC4209_GL 13 10 24 -7 10 0
IC4210_DN 13 10 48 29 42 0
IC4214_GL 13 17 42 -32 6 0
IC4216_GL 13 17 0 -10 46 0
IC4219_GL 13 18 30 -31 38 0
IC4221_GL 13 18 30 -14 36 0
IC4231_GL 13 23 12 -26 18 0
IC4232_GL 13 23 24 -26 7 0
IC4237_GL 13 24 30 -21 8 0
IC4252_GL 13 27 30 -27 19 0
IC4253_GL 13 27 30 -27 52 0
IC4263_GL 13 28 36 46 56 0
IC4264_GL 13 30 18 -27 56 0
IC4279_GL 13 32 30 -27 8 0
IC4290_GL 13 35 18 -28 1 0
IC4293_GL 13 36 0 -25 53 0
IC4296_GL 13 36 36 -33 58 0
IC4299_GL 13 36 48 -34 4 0
IC4310_GL 13 38 54 -25 51 0
IC4312_GL 13 40 30 -51 4 0
IC4315_GL 13 40 0 -25 28 0
IC4316_GL 13 40 18 -28 54 0
IC4319_GL 13 43 24 -29 48 0
IC4327_GL 13 48 42 -30 13 0
IC4329_GL 13 49 6 -30 18 0
IC4330_GL 13 47 12 -28 20 0
IC4333_GL 14 5 0 -84 16 0
IC4334_PN 13 49 48 29 40 0
IC4350_GL 13 57 12 -25 15 0
IC4351_GL 13 57 54 -29 19 0
IC4352_GL 13 58 24 -34 31 0
IC4362_GL 14 5 24 -41 49 0
IC4366_GL 14 5 12 -33 46 0
IC4367_GL 14 5 36 -39 12 0
IC4374_GL 14 7 30 -27 1 0
IC4375_GL 14 8 6 -33 19 0
IC4377_GL 14 17 0 -75 39 0
IC4386_GL 14 15 0 -43 58 0
IC4387_GL 14 15 0 -44 0 0
IC4390_GL 14 17 0 -44 59 0
IC4393_GL 14 17 48 -31 21 0
IC4402_GL 14 21 12 -46 18 0
IC4406_PN 14 22 24 -44 9 0
IC4444_GL 14 31 42 -43 25 0
IC4448_GL 14 40 30 -78 49 0
IC4451_GL 14 34 36 -36 17 0
IC4453_GL 14 34 30 -27 31 0
IC4460_GL 14 34 36 30 17 0
IC4464_GL 14 37 48 -36 53 0
IC4468_GL 14 38 24 -22 22 0
IC4472_GL 14 40 12 -44 19 0
IC4484_GL 14 47 42 -73 18 0
IC4499_OC 15 0 18 -82 13 0
IC4518_GL 14 57 42 -43 8 0
IC4522_GL 15 11 30 -75 52 0
IC4523_GL 15 5 12 -43 31 0
IC4527_GL 15 5 42 -42 27 0
IC4529_GL 15 6 24 -43 14 0
IC4536_GL 15 13 12 -18 8 0
IC4538_GL 15 21 12 -23 39 0
IC4541_GL 15 29 54 -70 35 0
IC4545_GL 15 41 30 -81 38 0
IC4555_GL 15 48 18 -78 11 0
IC4562_GL 15 36 0 43 29 0
IC4566_GL 15 36 42 43 33 0
IC4571_GL 15 48 54 -67 19 0
IC4578_GL 15 53 12 -74 50 0
IC4584_GL 16 0 12 -66 23 0
IC4585_GL 16 0 18 -66 19 0
IC4592_DN 16 12 0 -19 28 0
IC4593_PN 16 11 42 12 4 0
IC4595_GL 16 20 42 -70 9 0
IC4596_GL 16 16 6 -22 38 0
IC4601_DN 16 20 0 -20 2 0
IC4603_DN 16 25 36 -24 28 0
IC4604_DN 16 25 36 -23 26 0
IC4605_DN 16 30 12 -25 6 0
IC4608_GL 16 46 54 -77 29 0
IC4615_GL 16 37 54 36 4 0
IC4618_GL 16 57 54 -77 0 0
IC4628_DN 16 57 0 -40 20 0
IC4633_GL 17 13 48 -77 32 0
IC4634_PN 17 1 36 -21 50 0
IC4635_GL 17 15 42 -77 29 0
IC4640_GL 17 23 54 -80 4 0
IC4641_GL 17 24 12 -80 9 0
IC4642_PN 17 11 48 -55 24 0
IC4644_GL 17 24 36 -73 56 0
IC4646_GL 17 23 54 -60 0 0
IC4647_GL 17 26 0 -80 12 0
IC4651_OC 17 24 42 -49 57 0
IC4652_GL 17 26 24 -59 44 0
IC4653_GL 17 27 6 -60 53 0
IC4654_GL 17 37 6 -74 23 0
IC4656_GL 17 37 42 -63 44 0
IC4660_GL 17 21 36 75 51 0
IC4661_GL 17 51 0 -74 2 0
IC4662_GL 17 47 6 -64 38 0
IC4663_PN 17 45 30 -44 54 0
IC4664_GL 17 49 0 -63 15 0
IC4665_OC 17 46 18 5 43 0
IC4670_DN 17 55 6 -21 48 0
IC4673_PN 18 3 18 -27 6 0
IC4674_GL 18 8 12 -62 24 0
IC4679_GL 18 11 24 -56 15 0
IC4680_GL 18 13 30 -64 29 0
IC4682_GL 18 16 24 -71 35 0
IC4684_DN 18 9 6 -23 25 0
IC4685_DN 18 9 18 -23 59 0
IC4686_GL 18 13 36 -57 44 0
IC4687_GL 18 13 42 -57 44 0
IC4689_GL 18 13 42 -57 45 0
IC4692_GL 18 14 48 -58 42 0
IC4694_GL 18 15 24 -58 13 0
IC4696_GL 18 20 18 -64 44 0
IC4699_PN 18 18 30 -45 59 0
IC4701_DN 18 16 30 -16 44 0
IC4702_GL 18 23 6 -59 14 0
IC4704_GL 18 27 54 -71 37 0
IC4705_GL 18 28 12 -71 42 0
IC4710_GL 18 28 42 -66 59 0
IC4712_GL 18 31 6 -71 42 0
IC4713_GL 18 30 0 -67 13 0
IC4714_GL 18 30 54 -66 39 0
IC4715_DN 18 26 12 -18 26 0
IC4717_GL 18 33 18 -57 58 0
IC4718_GL 18 33 48 -60 8 0
IC4719_GL 18 33 12 -56 44 0
IC4720_GL 18 33 30 -58 24 0
IC4721_GL 18 34 30 -58 30 0
IC4722_GL 18 34 30 -57 48 0
IC4725_OC 18 31 36 -19 15 0
IC4727_GL 18 37 54 -62 42 0
IC4728_GL 18 37 54 -62 32 0
IC4729_GL 18 40 0 -67 26 0
IC4730_GL 18 38 48 -63 21 0
IC4731_GL 18 38 42 -62 57 0
IC4732_PN 18 33 54 -22 39 0
IC4734_GL 18 38 24 -57 29 0
IC4736_GL 18 38 36 -57 54 0
IC4740_GL 18 43 0 -68 22 0
IC4742_GL 18 41 54 -63 52 0
IC4745_GL 18 42 36 -64 57 0
IC4754_GL 18 44 0 -61 59 0
IC4756_OC 18 39 0 5 27 0
IC4757_GL 18 43 54 -57 10 0
IC4759_GL 18 45 42 -63 5 0
IC4761_GL 18 43 54 -52 51 0
IC4765_GL 18 47 18 -63 20 0
IC4767_GL 18 47 42 -63 24 0
IC4769_GL 18 47 42 -63 10 0
IC4773_GL 18 51 18 -69 55 0
IC4774_GL 18 48 12 -57 56 0
IC4775_GL 18 48 24 -57 11 0
IC4776_PN 18 45 48 -33 21 0
IC4778_GL 18 50 0 -61 43 0
IC4782_GL 18 50 54 -55 29 0
IC4785_GL 18 52 54 -59 15 0
IC4787_GL 18 56 6 -68 41 0
IC4789_GL 18 56 18 -68 34 0
IC4796_GL 18 56 30 -54 13 0
IC4797_GL 18 56 30 -54 18 0
IC4798_GL 18 58 18 -62 7 0
IC4800_GL 18 58 42 -63 8 0
IC4801_GL 18 59 36 -64 40 0
IC4804_GL 19 1 6 -61 50 0
IC4806_GL 19 1 30 -57 32 0
IC4807_GL 19 2 18 -56 56 0
IC4808_GL 19 1 6 -45 19 0
IC4810_GL 19 3 0 -56 10 0
IC4817_GL 19 6 12 -56 10 0
IC4818_GL 19 6 0 -55 8 0
IC4819_GL 19 7 6 -59 28 0
IC4820_GL 19 9 12 -63 28 0
IC4821_GL 19 9 30 -55 1 0
IC4824_GL 19 13 12 -62 5 0
IC4826_GL 19 12 18 -57 12 0
IC4827_GL 19 13 18 -60 52 0
IC4829_GL 19 12 36 -56 32 0
IC4830_GL 19 13 48 -59 18 0
IC4831_GL 19 14 42 -62 16 0
IC4832_GL 19 14 6 -56 37 0
IC4836_GL 19 16 18 -60 12 0
IC4837_GL 19 15 18 -54 40 0
IC4839_GL 19 15 36 -54 38 0
IC4840_GL 19 15 54 -56 13 0
IC4842_GL 19 19 30 -60 39 0
IC4844_GL 19 19 0 -56 2 0
IC4845_GL 19 20 24 -60 23 0
IC4846_PN 19 16 30 -9 3 0
IC4851_GL 19 25 30 -57 40 0
IC4852_GL 19 26 24 -60 20 0
IC4856_GL 19 27 30 -54 55 0
IC4857_GL 19 28 36 -58 46 0
IC4858_GL 19 28 36 -58 46 0
IC4860_GL 19 31 30 -67 22 0
IC4862_GL 19 31 42 -67 19 0
IC4864_GL 19 40 6 -77 33 0
IC4866_GL 19 34 36 -61 9 0
IC4869_GL 19 36 0 -61 2 0
IC4870_GL 19 37 36 -65 49 0
IC4871_GL 19 35 42 -57 31 0
IC4872_GL 19 35 42 -57 31 0
IC4874_GL 19 36 24 -47 16 0
IC4875_GL 19 37 42 -52 4 0
IC4876_GL 19 37 42 -52 51 0
IC4877_GL 19 37 54 -51 59 0
IC4880_GL 19 40 30 -56 25 0
IC4881_GL 19 40 24 -55 51 0
IC4882_GL 19 40 24 -55 12 0
IC4883_GL 19 42 0 -55 33 0
IC4885_GL 19 43 54 -60 39 0
IC4886_GL 19 43 6 -51 48 0
IC4888_GL 19 44 54 -54 27 0
IC4889_GL 19 45 18 -54 20 0
IC4890_GL 19 45 36 -56 33 0
IC4891_GL 19 45 18 -54 21 0
IC4892_GL 19 49 30 -70 14 0
IC4894_GL 19 47 0 -51 51 0
IC4895_GL 19 45 0 -14 48 0
IC4897_GL 19 49 18 -51 52 0
IC4901_GL 19 54 24 -58 43 0
IC4906_GL 19 56 48 -60 28 0
IC4909_GL 19 56 42 -50 3 0
IC4912_GL 20 6 48 -77 21 0
IC4913_GL 19 56 48 -37 20 0
IC4915_GL 19 58 30 -52 38 0
IC4916_GL 19 58 18 -50 16 0
IC4917_GL 19 58 54 -52 16 0
IC4919_GL 20 0 12 -55 22 0
IC4923_GL 20 1 0 -52 38 0
IC4927_GL 20 1 48 -53 55 0
IC4929_GL 20 6 42 -71 41 0
IC4931_GL 20 0 48 -38 35 0
IC4933_GL 20 3 30 -54 59 0
IC4935_GL 20 4 36 -57 36 0
IC4936_GL 20 5 54 -61 26 0
IC4937_GL 20 5 18 -56 15 0
IC4938_GL 20 6 12 -60 13 0
IC4941_GL 20 7 0 -53 39 0
IC4942_GL 20 6 48 -52 37 0
IC4943_GL 20 6 30 -48 22 0
IC4944_GL 20 7 6 -54 27 0
IC4945_GL 20 11 18 -71 1 0
IC4947_GL 20 7 30 -53 8 0
IC4949_GL 20 7 18 -48 22 0
IC4950_GL 20 8 24 -56 10 0
IC4951_GL 20 9 30 -61 51 0
IC4952_GL 20 8 36 -55 27 0
IC4954_DN 20 4 48 29 15 0
IC4956_GL 20 11 30 -45 36 0
IC4957_GL 20 9 36 -55 43 0
IC4960_GL 20 15 24 -70 32 0
IC4961_GL 20 11 30 -53 8 0
IC4963_GL 20 12 6 -55 15 0
IC4964_GL 20 17 24 -73 53 0
IC4965_GL 20 12 30 -56 50 0
IC4967_GL 20 16 24 -70 34 0
IC4969_GL 20 12 54 -53 55 0
IC4970_GL 20 16 54 -70 45 0
IC4972_GL 20 17 42 -70 55 0
IC4975_GL 20 14 0 -52 43 0
IC4979_GL 20 14 42 -53 28 0
IC4980_GL 20 15 30 -57 55 0
IC4981_GL 20 19 42 -70 51 0
IC4983_GL 20 16 6 -52 5 0
IC4986_GL 20 17 12 -55 2 0
IC4987_GL 20 17 18 -52 17 0
IC4991_GL 20 18 24 -41 3 0
IC4992_GL 20 23 30 -71 34 0
IC4994_GL 20 19 42 -53 27 0
IC4995_GL 20 20 0 -52 37 0
IC4996_OC 20 16 30 37 38 0
IC4997_PN 20 20 12 16 45 0
IC4998_GL 20 22 12 -38 18 0
IC4999_GL 20 23 54 -26 1 0
IC5000_GL 20 22 24 6 26 0
IC5001_GL 20 26 18 -54 47 0
IC5002_GL 20 26 42 -54 48 0
IC5005_GL 20 25 18 -25 50 0
IC5006_GL 20 23 42 6 27 0
IC5008_GL 20 32 42 -72 42 0
IC5011_GL 20 28 36 -36 2 0
IC5012_GL 20 29 30 -56 45 0
IC5013_GL 20 28 36 -36 2 0
IC5017_GL 20 32 6 -57 35 0
IC5018_GL 20 22 12 -38 18 0
IC5019_GL 20 30 48 -36 5 0
IC5020_GL 20 30 36 -33 29 0
IC5022_GL 20 41 6 -76 27 0
IC5025_GL 20 45 0 -76 59 0
IC5026_GL 20 48 30 -78 4 0
IC5028_GL 20 43 24 -65 39 0
IC5034_GL 20 43 42 -57 2 0
IC5039_GL 20 43 12 -29 51 0
IC5041_GL 20 43 36 -29 42 0
IC5046_GL 20 43 12 -29 51 0
IC5047_GL 20 43 36 -29 42 0
IC5049_GL 20 47 24 -38 25 0
IC5052_GL 20 52 6 -69 12 0
IC5053_GL 20 53 36 -71 8 0
IC5054_GL 20 53 42 -71 1 0
IC5063_GL 20 52 0 -57 5 0
IC5064_GL 20 52 36 -57 14 0
IC5065_GL 20 51 48 -29 51 0
IC5068_DN 20 50 48 42 31 0
IC5070_DN 20 50 48 44 21 0
IC5071_GL 21 1 18 -72 39 0
IC5073_GL 21 3 18 -72 41 0
IC5076_DN 20 55 54 47 25 0
IC5078_GL 21 2 36 -16 49 0
IC5084_GL 21 9 12 -63 17 0
IC5086_GL 21 8 30 -29 46 0
IC5087_GL 21 14 18 -73 46 0
IC5088_GL 21 9 24 -22 53 0
IC5092_GL 21 16 12 -64 28 0
IC5094_GL 21 17 48 -66 26 0
IC5096_GL 21 18 24 -63 46 0
IC5100_GL 21 21 42 -65 56 0
IC5101_GL 21 21 54 -65 50 0
IC5103_GL 21 29 12 -74 4 0
IC5105_GL 21 24 24 -40 37 0
IC5106_GL 21 28 36 -70 50 0
IC5108_GL 21 32 54 -72 40 0
IC5114_GL 21 34 6 -36 39 0
IC5117_PN 21 32 30 44 35 0
IC5120_GL 21 38 48 -64 21 0
IC5121_GL 21 41 18 -63 55 0
IC5123_GL 21 44 48 -72 25 0
IC5125_GL 21 41 48 -52 46 0
IC5130_GL 21 50 24 -74 0 0
IC5131_GL 21 47 24 -34 53 0
IC5135_GL 21 48 18 -34 57 0
IC5139_GL 21 50 24 -31 0 0
IC5140_GL 21 54 18 -67 20 0
IC5141_GL 21 53 18 -59 30 0
IC5142_GL 21 55 18 -65 31 0
IC5146_DN 21 53 24 47 16 0
IC5147_GL 21 59 24 -65 27 0
IC5148_PN 21 59 30 -39 23 0
IC5152_GL 22 2 54 -51 17 0
IC5156_GL 22 3 18 -33 50 0
IC5157_GL 22 3 24 -34 56 0
IC5158_GL 22 6 24 -67 31 0
IC5165_GL 22 10 6 -64 35 0
IC5168_GL 22 8 48 -27 51 0
IC5169_GL 22 10 12 -36 5 0
IC5170_GL 22 12 30 -47 13 0
IC5171_GL 22 10 54 -46 5 0
IC5173_GL 22 14 48 -69 22 0
IC5174_GL 22 12 42 -38 10 0
IC5176_GL 22 14 54 -66 51 0
IC5178_GL 22 12 30 -22 57 0
IC5179_GL 22 16 6 -36 50 0
IC5181_GL 22 13 24 -46 2 0
IC5184_GL 22 16 6 -36 51 0
IC5186_GL 22 18 48 -36 48 0
IC5188_GL 22 18 24 -59 38 0
IC5190_GL 22 19 0 -59 53 0
IC5191_GL 22 15 0 37 18 0
IC5192_GL 22 15 12 37 16 0
IC5194_GL 22 17 6 -15 57 0
IC5197_GL 22 19 48 -60 8 0
IC5199_GL 22 19 30 -37 32 0
IC5201_GL 22 21 24 -46 4 0
IC5202_GL 22 22 54 -65 48 0
IC5203_GL 22 22 36 -59 46 0
IC5206_GL 22 24 6 -66 51 0
IC5207_GL 22 23 30 -60 34 0
IC5208_GL 22 24 36 -65 14 0
IC5210_GL 22 22 30 -18 52 0
IC5212_GL 22 23 30 -38 2 0
IC5217_PN 22 23 54 50 58 0
IC5218_GL 22 28 6 -60 24 0
IC5222_GL 22 29 54 -65 40 0
IC5224_GL 22 30 30 -46 0 0
IC5227_GL 22 34 6 -64 42 0
IC5228_GL 22 32 24 -14 8 0
IC5237_GL 22 42 18 -30 3 0
IC5239_GL 22 31 6 -38 2 0
IC5240_GL 22 41 54 -44 48 0
IC5243_GL 22 41 24 23 23 0
IC5244_GL 22 44 12 -64 3 0
IC5249_GL 22 47 6 -64 50 0
IC5250_GL 22 47 18 -65 3 0
IC5252_GL 22 48 6 -68 54 0
IC5256_GL 22 49 48 -68 42 0
IC5260_GL 22 54 18 -39 19 0
IC5261_GL 22 54 24 -20 22 0
IC5263_GL 22 58 12 -69 3 0
IC5264_GL 22 56 54 -36 33 0
IC5265_GL 22 57 12 -36 28 0
IC5266_GL 22 58 18 -65 8 0
IC5267_GL 22 57 12 -43 24 0
IC5269_GL 22 57 42 -36 2 0
IC5270_GL 22 57 54 -35 51 0
IC5271_GL 22 58 0 -33 45 0
IC5273_GL 22 59 30 -37 42 0
IC5279_GL 23 3 0 -69 13 0
IC5280_GL 23 3 48 -65 13 0
IC5283_GL 23 3 18 8 54 0
IC5284_GL 23 6 48 19 7 0
IC5285_GL 23 6 54 22 56 0
IC5288_GL 23 11 42 -68 6 0
IC5290_GL 23 12 54 -23 28 0
IC5294_GL 23 16 12 -42 35 0
IC5302_GL 23 19 36 -64 34 0
IC5308_GL 23 19 18 -42 16 0
IC5313_GL 23 22 0 -42 29 0
IC5323_GL 23 27 36 -67 49 0
IC5324_GL 23 28 18 -67 49 0
IC5325_GL 23 28 42 -41 19 0
IC5328_GL 23 33 12 -45 2 0
IC5332_GL 23 34 30 -36 6 0
IC5333_GL 23 34 54 -65 24 0
IC5335_GL 23 35 48 -67 24 0
IC5337_GL 23 36 24 21 9 0
IC5338_GL 23 36 30 21 9 0
IC5339_GL 23 38 6 -68 27 0
IC5342_GL 23 38 36 27 1 0
IC5348_GL 23 45 0 -42 55 0
IC5353_GL 23 47 30 -28 7 0
IC5358_GL 23 47 42 -28 8 0
IC5362_GL 23 51 36 -28 22 0
IC5381_GL 0 3 12 15 58 0
