N0001_GL  0  7 18  27 43 0
N0002_GL  0  7 18  27 41 0
N0007_GL  0  8 24 -29 55 0
N0009_GL  0  8 54  23 49 0
N0010_GL  0  8 36 -33 52 0
N0012_GL  0  8 42   4 37 0
N0013_GL  0  8 48  33 26 0
N0014_GL  0  8 48  15 49 0
N0016_GL  0  9  6  27 44 0
N0020_GL  0  9 30  33 19 0
N0021_GL  0 10 42  32 59 0
N0023_GL  0  9 54  25 55 0
N0024_GL  0  9 54 -24 58 0
N0026_GL  0 10 24  25 50 0
N0029_GL  0 10 48  33 21 0
N0034_GL  0 11  6 -12  6 0
N0036_GL  0 11 24   6 23 0
N0038_GL  0 11 54  -5 36 0
N0040_PN  0 13  0  72 32 0
N0045_GL  0 14  6 -23 11 0
N0047_GL  0 14 30  -7 11 0
N0048_GL  0 14  0  48 14 0
N0051_GL  0 14 36  48 15 0
N0053_GL  0 14 42 -60 20 0
N0055_GL  0 14 54 -39 11 0
N0057_GL  0 15 24  17 18 0
N0059_GL  0 15 30 -21 27 0
N0063_GL  0 17 42  11 27 0
N0068_GL  0 18 18  30  4 0
N0070_GL  0 18 24  30  5 0
N0071_GL  0 18 24  30  4 0
N0072_GL  0 18 30  30  2 0
N0073_GL  0 18 48 -15 21 0
N0080_GL  0 21 12  22 21 0
N0082_GL  0 21 24  22 26 0
N0083_GL  0 21 24  22 26 0
N0091_GL  0 21 48  22 25 0
N0095_GL  0 22 12  10 30 0
N0097_GL  0 22 24  29 44 0
N0098_GL  0 22 48 -45 16 0
N0099_GL  0 24  0  15 47 0
N0100_GL  0 24  0  16 29 0
N0101_GL  0 23 54 -32 34 0
N0103_OC  0 25 18  61 21 0
N0104_GC  0 24  6 -72  5 0
N0105_GL  0 25 18  12 53 0
N0108_GL  0 25 54  29 13 0
N0113_GL  0 27  0  -2 30 0
N0120_GL  0 27 30  -1 31 0
N0121_GC  0 26 48 -71 32 0
N0124_GL  0 27 54  -1 49 0
N0125_GL  0 28 48   2 50 0
N0126_GL  0 29  6   2 49 0
N0127_GL  0 29 12   2 52 0
N0128_GL  0 29 12   2 51 0
N0129_OC  0 29 54  60 14 0
N0131_GL  0 29 36 -33 16 0
N0132_GL  0 30 12   2  6 0
N0133_OC  0 31 12  63 22 0
N0134_GL  0 30 24 -33 15 0
N0136_OC  0 31 30  61 32 0
N0145_GL  0 31 42  -5  9 0
N0146_OC  0 33  6  63 18 0
N0147_GL  0 33 12  48 30 0
N0148_GL  0 34 18 -31 47 0
N0150_GL  0 34 18 -27 48 0
N0151_GL  0 34  0  -9 42 0
N0152_GC  0 32 48 -73  9 0
N0155_GL  0 34 42 -10 46 0
N0157_GL  0 34 48  -8 24 0
N0160_GL  0 36  6  23 57 0
N0163_GL  0 36  0 -10  7 0
N0165_GL  0 36 30 -10  6 0
N0167_GL  0 35 18 -23 22 0
N0169_GL  0 36 54  23 59 0
N0172_GL  0 37 18 -22 36 0
N0173_GL  0 37 12   1 56 0
N0175_GL  0 37 24 -19 56 0
N0176_OC  0 35 48 -73 11 0
N0177_GL  0 37 30 -22 34 0
N0178_GL  0 39  6 -14 10 0
N0180_GL  0 38  0   8 38 0
N0182_GL  0 38 12   2 44 0
N0185_GL  0 39  0  48 20 0
N0187_GL  0 39 36 -14 41 0
N0188_OC  0 44  0  85 20 0
N0189_OC  0 39 36  61  4 0
N0190_GL  0 38 54   7  2 0
N0191_GL  0 39  0  -9  0 0
N0192_GL  0 39 18  0  51 0
N0193_GL  0 39 18   3 20 0
N0194_GL  0 39 18   3  2 0
N0195_GL  0 39 36  -9 12 0
N0198_GL  0 39 24   2 48 0
N0200_GL  0 39 36   2 53 0
N0201_GL  0 39 42  0  51 0
N0205_GL  0 40 24  41 41 0
N0210_GL  0 40 36 -13 52 0
N0214_GL  0 41 30  25 30 0
N0215_GL  0 40 48 -56 13 0
N0216_GL  0 41 24 -21  3 0
N0217_GL  0 41 30 -10  2 0
N0220_OC  0 40 30 -73 24 0
N0221_GL  0 42 42  40 52 0
N0222_OC  0 40 36 -73 24 0
N0224_GL  0 42 42  41 16 0
N0225_OC  0 43 24  61 47 0
N0227_GL  0 42 36  -1 32 0
N0231_OC  0 41  0 -73 22 0
N0234_GL  0 43 24  14 20 0
N0237_GL  0 43 30  -0 -7 0
N0238_GL  0 43 24 -50 11 0
N0242_OC  0 43 36 -73 27 0
N0244_GL  0 45 48 -15 36 0
N0245_GL  0 46 6  -1 44 0
N0246_PN  0 47 0 -11 53 0
N0247_GL  0 47 6 -20 46 0
N0252_GL  0 48 0  27 38 0
N0253_GL  0 47 36 -25 17 0
N0254_GL  0 47 30 -31 25 0
N0255_GL  0 47 48 -11 28 0
N0256_DN  0 45 54 -73 30 0
N0257_GL  0 48 6   8 19 0
N0259_GL  0 48 6  -2 47 0
N0260_GL  0 48 36  27 42 0
N0262_GL  0 48 48  31 57 0
N0265_GC  0 47 36 -73 29 0
N0266_GL  0 49 48  32 16 0
N0268_GL  0 50 12  -5 12 0
N0269_GC  0 48 30 -73 32 0
N0270_GL  0 50 42  -8 39 0
N0271_GL  0 50 48  -1 53 0
N0273_GL  0 50 48  -6 53 0
N0274_GL  0 51 0  -7  3 0
N0275_GL  0 51 6  -7  4 0
N0277_GL  0 51 30  -8 35 0
N0278_GL  0 52 6  47 33 0
N0279_GL  0 52 18  -2 12 0
N0281_DN  0 52 48  56 37 0
N0288_GC  0 52 48 -26 35 0
N0289_GL  0 52 42 -31 12 0
N0290_OC  0 51 18 -73  9 0
N0295_GL  0 55 12  31 31 0
N0298_GL  0 55 0  -7 21 0
N0299_DN  0 54 0 -72 10 0
N0300_GL  0 54 54 -37 41 0
N0306_DN  0 54 54 -72 13 0
N0309_GL  0 56 42  -9 55 0
N0312_GL  0 56 18 -52 47 0
N0313_GL  0 57 48  30 21 0
N0314_GL  0 56 54 -31 58 0
N0315_GL  0 57 48  30 21 0
N0316_GL  0 57 48  30 21 0
N0319_GL  0 57 0 -43 50 0
N0322_GL  0 57 12 -43 44 0
N0323_GL  0 56 42 -52 59 0
N0326_GL  0 58 24  26 52 0
N0327_GL  0 57 54  -5  8 0
N0328_GL  0 57 0 -52 55 0
N0329_GL  0 58 0  -5  4 0
N0330_OC  0 56 12 -72 29 0
N0335_GL  0 59 18 -18 14 0
N0336_GL  0 58 48 -18 46 0
N0337_GL  0 59 48  -7 35 0
N0339_GC  0 57 42 -74 29 0
N0341_GL  1  0 48  -9 11 0
N0345_GL  1  1 24  -6 54 0
N0346_DN  0 59 6 -72 11 0
N0348_GL  1  0 54 -53 15 0
N0349_GL  1  1 54  -6 49 0
N0352_GL  1  2 6  -4 15 0
N0356_GL  1  3 18  -7  0 0
N0357_GL  1  3 24  -6 20 0
N0360_GL  1  2 54 -65 37 0
N0361_GC  1  2 12 -71 33 0
N0362_GC  1  3 12 -70 51 0
N0366_OC  1  6 24  62 14 0
N0369_GL  1  5 6 -17 45 0
N0371_OC  1  3 18 -72  5 0
N0375_GL  1  7 6  32 21 0
N0379_GL  1  7 18  32 31 0
N0380_GL  1  7 18  32 29 0
N0381_OC  1  8 18  61 35 0
N0383_GL  1  7 24  32 25 0
N0384_GL  1  7 24  32 18 0
N0385_GL  1  7 24  32 19 0
N0393_GL  1  8 36  39 40 0
N0403_GL  1  9 12  32 45 0
N0404_GL  1  9 24  35 43 0
N0406_GL  1  7 24 -69 53 0
N0407_GL  1 10 36  33  7 0
N0409_GL  1  9 30 -35 48 0
N0410_GL  1 11 0  33  9 0
N0416_GC  1  8 6 -72 21 0
N0418_GL  1 10 36 -30 13 0
N0419_GC  1  8 18 -72 53 0
N0420_GL  1 12 6  32  6 0
N0424_GL  1 11 30 -38  5 0
N0425_GL  1 13 0  38 48 0
N0428_GL  1 12 54  0  59 0
N0430_GL  1 13 6  -0 -15 0
N0432_GL  1 11 48 -61 32 0
N0433_OC  1 15 18  60  8 0
N0434_GL  1 12 12 -58 15 0
N0436_OC  1 15 36  58 49 0
N0439_GL  1 13 48 -31 45 0
N0440_GL  1 12 54 -58 17 0
N0442_GL  1 14 36  -1  1 0
N0447_GL  1 15 36  33  4 0
N0448_GL  1 15 18  -1 37 0
N0450_GL  1 15 30 -0  -52 0
N0454_GL  1 14 24 -55 24 0
N0456_DN  1 14 24 -73 17 0
N0457_OC  1 19 6  58 20 0
N0461_GL  1 17 18 -33 50 0
N0466_GL  1 17 12 -58 55 0
N0467_GL  1 19 12   3 18 0
N0470_GL  1 19 42   3 25 0
N0473_GL  1 19 54  16 33 0
N0474_GL  1 20 6   3 25 0
N0484_GL  1 19 36 -58 31 0
N0485_GL  1 21 24   7  1 0
N0488_GL  1 21 48   5 15 0
N0489_GL  1 21 48   9 12 0
N0491_GL  1 21 24 -34  3 0
N0493_GL  1 22 12  0  57 0
N0495_GL  1 22 54  33 28 0
N0497_GL  1 22 24 -0 -53 0
N0499_GL  1 23 12  33 28 0
N0507_GL  1 23 42  33 15 0
N0508_GL  1 23 42  33 17 0
N0509_GL  1 23 24   9 26 0
N0513_GL  1 23 48  33 49 0
N0514_GL  1 24 6  12 55 0
N0516_GL  1 24 6   9 33 0
N0517_GL  1 24 42  33 27 0
N0518_GL  1 24 18   9 20 0
N0520_GL  1 24 36   3 48 0
N0521_GL  1 24 36   1 44 0
N0522_GL  1 24 48  10  0 0
N0523_GL  1 25 18  34  2 0
N0524_GL  1 24 48   9 32 0
N0528_GL  1 25 30  33 41 0
N0529_GL  1 25 42  34 44 0
N0530_GL  1 24 42  -1 35 0
N0532_GL  1 25 18   9 16 0
N0533_GL  1 25 30   1 46 0
N0535_GL  1 25 30  -1 25 0
N0536_GL  1 26 24  34 43 0
N0538_GL  1 25 24  -1 33 0
N0539_GL  1 25 18 -18  9 0
N0540_GL  1 27 6 -20  2 0
N0541_GL  1 25 42  -1 23 0
N0543_GL  1 25 48  -1 18 0
N0545_GL  1 26 0  -1 20 0
N0547_GL  1 26 0  -1 21 0
N0548_GL  1 26 0  -1 14 0
N0549_GL  1 25 30 -38 16 0
N0550_GL  1 26 42   2  1 0
N0551_GL  1 27 36  37 11 0
N0559_OC  1 29 30  63 18 0
N0560_GL  1 27 24  -1 55 0
N0562_GL  1 28 24  48 23 0
N0564_GL  1 27 48  -1 53 0
N0565_GL  1 28 12  -1 18 0
N0570_GL  1 29 0 -0 -57 0
N0573_GL  1 30 54  41 16 0
N0576_GL  1 28 54 -51 36 0
N0578_GL  1 30 30 -22 40 0
N0579_GL  1 31 42  33 38 0
N0581_OC  1 33 12  60 42 0
N0582_GL  1 31 54  33 30 0
N0584_GL  1 31 18  -6 52 0
N0586_GL  1 31 36  -6 54 0
N0587_GL  1 32 30  35 22 0
N0596_GL  1 32 54  -7  2 0
N0598_GL  1 33 54  30 39 0
N0599_GL  1 32 48 -12 11 0
N0600_GL  1 33 6  -7 19 0
N0609_OC  1 37 12  64 33 0
N0612_GL  1 34 0 -36 30 0
N0613_GL  1 34 18 -29 25 0
N0615_GL  1 35 6  -7 20 0
N0622_GL  1 36 0  0  40 0
N0625_GL  1 35 6 -41 26 0
N0628_GL  1 36 42  15 47 0
N0632_GL  1 37 18   5 53 0
N0636_GL  1 39 6  -7 31 0
N0637_OC  1 42 54  64  0 0
N0643_GC  1 35 6 -75 33 0
N0650_PN  1 42 18  51 34 0
N0651_PN  1 42 18  51 35 0
N0654_OC  1 44 6  61 53 0
N0656_GL  1 42 24  26  9 0
N0658_GL  1 42 12  12 35 0
N0659_OC  1 44 12  60 42 0
N0660_GL  1 43 0  13 38 0
N0661_GL  1 44 12  28 42 0
N0662_GL  1 44 30  37 41 0
N0663_OC  1 46 0  61 15 0
N0664_GL  1 43 48   4 14 0
N0665_GL  1 44 48  10 26 0
N0666_GL  1 46 0  34 23 0
N0668_GL  1 46 18  36 27 0
N0669_GL  1 47 12  35 33 0
N0670_GL  1 47 24  27 53 0
N0672_GL  1 47 54  27 26 0
N0673_GL  1 48 24  11 32 0
N0676_GL  1 49 0   5 54 0
N0678_GL  1 49 24  22  0 0
N0679_GL  1 49 42  35 47 0
N0680_GL  1 49 48  21 58 0
N0681_GL  1 49 12 -10 26 0
N0682_GL  1 49 0 -14 59 0
N0684_GL  1 50 12  27 39 0
N0685_GL  1 47 48 -52 47 0
N0686_GL  1 49 0 -23 48 0
N0687_GL  1 50 36  36 21 0
N0688_GL  1 50 48  35 16 0
N0691_GL  1 50 42  21 46 0
N0692_GL  1 48 42 -48 39 0
N0693_GL  1 50 30   6  9 0
N0697_GL  1 51 18  22 21 0
N0701_GL  1 51 6  -9 42 0
N0702_GL  1 51 18  -4  3 0
N0703_GL  1 52 48  36  9 0
N0706_GL  1 51 48   6 18 0
N0708_GL  1 52 48  36 10 0
N0718_GL  1 53 12   4 12 0
N0720_GL  1 53 0 -13 44 0
N0721_GL  1 54 48  39 23 0
N0723_GL  1 53 54 -23 46 0
N0731_GL  1 54 54  -9  1 0
N0735_GL  1 56 36  34 11 0
N0736_GL  1 56 42  33  3 0
N0740_GL  1 56 54  33  1 0
N0741_GL  1 56 24   5 38 0
N0743_OC  1 58 42  60 11 0
N0744_OC  1 58 24  55 29 0
N0745_GL  1 54 12 -56 41 0
N0746_GL  1 57 54  44 56 0
N0748_GL  1 56 24  -4 28 0
N0750_GL  1 57 30  33 13 0
N0751_GL  1 57 36  33 12 0
N0752_OC  1 57 48  37 41 0
N0753_GL  1 57 42  35 55 0
N0755_GL  1 56 24  -9  4 0
N0759_GL  1 57 48  36 20 0
N0761_GL  1 57 48  33 23 0
N0762_GL  1 57 6  -5 26 0
N0769_GL  1 59 30  30 54 0
N0770_GL  1 59 12  18 57 0
N0771_??  2  3 24  72 25 0
N0772_GL  1 59 18  19  1 0
N0776_GL  1 59 54  23 38 0
N0777_GL  2  0 12  31 26 0
N0779_GL  1 59 42  -5 58 0
N0782_GL  1 57 48 -57 46 0
N0783_GL  2  1 6  31 52 0
N0784_GL  2  1 18  28 50 0
N0787_GL  2  1 0  -9  0 0
N0788_GL  2  1 6  -6 49 0
N0790_GL  2  1 30  -5 23 0
N0795_GL  1 59 48 -55 49 0
N0797_GL  2  3 24  38  7 0
N0801_GL  2  3 42  38 15 0
N0803_GL  2  3 48  16  2 0
N0808_GL  2  4 0 -23 19 0
N0812_GL  2  6 48  44 34 0
N0813_GL  2  1 36 -68 26 0
N0818_GL  2  8 42  38 47 0
N0820_GL  2  8 24  14 20 0
N0821_GL  2  8 24  11  0 0
N0828_GL  2 10 12  39 12 0
N0829_GL  2  8 42  -7 47 0
N0833_GL  2  9 18 -10  8 0
N0834_GL  2 11 0  37 40 0
N0835_GL  2  9 24 -10  8 0
N0838_GL  2  9 36 -10  9 0
N0839_GL  2  9 42 -10 11 0
N0840_GL  2 10 12   7 50 0
N0841_GL  2 11 18  37 30 0
N0842_GL  2  9 48  -7 45 0
N0846_GL  2 12 12  44 34 0
N0848_GL  2 10 18 -10 19 0
N0851_GL  2 11 12   3 47 0
N0853_GL  2 11 48  -9 18 0
N0855_GL  2 14 0  27 53 0
N0857_GL  2 12 36 -31 57 0
N0858_GL  2 12 30 -22 27 0
N0863_GL  2 14 36 -0  -46 0
N0864_GL  2 15 30   6  0 0
N0869_OC  2 19 0  57  9 0
N0871_GL  2 17 12  14 33 0
N0873_GL  2 16 36 -11 20 0
N0876_GL  2 17 54  14 31 0
N0877_GL  2 18 0  14 33 0
N0881_GL  2 18 42  -6 35 0
N0883_GL  2 19 0  -6 45 0
N0884_OC  2 22 24  57  7 0
N0887_GL  2 19 36 -16  4 0
N0888_GL  2 17 30 -59 52 0
N0890_GL  2 22 0  33 16 0
N0891_GL  2 22 36  42 21 0
N0895_GL  2 21 36  -5 31 0
N0896_DN  2 24 48  61 54 0
N0898_GL  2 23 18  41 57 0
N0899_GL  2 21 54 -20 48 0
N0906_GL  2 25 12  42  6 0
N0907_GL  2 23 0 -20 43 0
N0908_GL  2 23 6 -21 14 0
N0910_GL  2 25 24  41 50 0
N0918_GL  2 25 54  18 30 0
N0922_GL  2 25 6 -24 47 0
N0925_GL  2 27 18  33 35 0
N0926_GL  2 26 6 -0 -20 0
N0927_GL  2 26 36  12  9 0
N0930_GL  2 27 54  20 20 0
N0932_GL  2 27 54  20 19 0
N0936_GL  2 27 36  -1  9 0
N0940_GL  2 29 24  31 39 0
N0941_GL  2 28 30  -1  9 0
N0945_GL  2 28 36 -10 32 0
N0947_GL  2 28 30 -19  4 0
N0948_GL  2 28 48 -10 31 0
N0949_GL  2 30 48  37  8 0
N0955_GL  2 30 36  -1  7 0
N0956_OC  2 32 24  44 39 0
N0957_OC  2 33 36  57 32 0
N0958_GL  2 30 42  -2 57 0
N0959_GL  2 32 18  35 30 0
N0969_GL  2 34 6  32 58 0
N0972_GL  2 34 12  29 19 0
N0973_GL  2 34 18  32 31 0
N0976_GL  2 34 0  20 59 0
N0977_GL  2 33 0 -10 44 0
N0980_GL  2 35 30  40 54 0
N0985_GL  2 34 36  -8 47 0
N0986_GL  2 33 36 -39  2 0
N0987_GL  2 36 48  33 19 0
N0988_GL  2 35 24  -9 21 0
N0991_GL  2 35 30  -7  9 0
N0992_GL  2 37 12  21  6 0
N0993_GL  2 36 42   2  3 0
