N4004_GL 11 58 6  27 53 0
N4008_GL 11 58 18  28 12 0
N4010_GL 11 58 36  47 16 0
N4013_GL 11 58 30  43 57 0
N4014_GL 11 58 36  16 11 0
N4016_GL 11 58 24  27 31 0
N4017_GL 11 58 42  27 26 0
N4020_GL 11 58 54  30 25 0
N4024_GL 11 58 30 -18 21 0
N4025_GL 11 59 12  37 48 0
N4026_GL 11 59 24  50 58 0
N4027_GL 11 59 30 -19 16 0
N4030_GL 12  0 24  -1  6 0
N4032_GL 12  0 36  20  4 0
N4033_GL 12  0 36 -17 51 0
N4035_GL 12  0 30 -15 57 0
N4036_GL 12  1 24  61 54 0
N4037_GL 12  1 24  13 24 0
N4038_GL 12  1 54 -18 52 0
N4039_GL 12  1 54 -18 53 0
N4041_GL 12  2 12  62  8 0
N4045_GL 12  2 42   1 59 0
N4047_GL 12  2 54  48 38 0
N4050_GL 12  2 54 -16 22 0
N4051_GL 12  3 12  44 32 0
N4052_OC 12  1 54 -63 12 0
N4061_GL 12  4 6  20 13 0
N4062_GL 12  4 6  31 54 0
N4064_GL 12  4 12  18 27 0
N4065_GL 12  4 12  20 13 0
N4067_GL 12  4 12  10 51 0
N4068_GL 12  4 0  52 35 0
N4071_PN 12  4 12 -67 18 0
N4073_GL 12  4 30   1 54 0
N4079_GL 12  4 48  -2 23 0
N4081_GL 12  4 36  64 26 0
N4085_GL 12  5 24  50 21 0
N4087_GL 12  5 36 -26 33 0
N4088_GL 12  5 36  50 33 0
N4094_GL 12  5 54 -14 32 0
N4096_GL 12  6 0  47 29 0
N4100_GL 12  6 12  49 35 0
N4102_GL 12  6 24  52 43 0
N4103_OC 12  6 42 -61 15 0
N4104_GL 12  6 36  28 10 0
N4105_GL 12  6 42 -29 46 0
N4106_GL 12  6 48 -29 46 0
N4108_GL 12  6 48  67 10 0
N4111_GL 12  7 6  43  4 0
N4114_GL 12  7 12 -14 11 0
N4116_GL 12  7 36   2 42 0
N4117_GL 12  7 48  43  8 0
N4120_GL 12  8 30  69 33 0
N4123_GL 12  8 12   2 53 0
N4124_GL 12  8 12  10 23 0
N4125_GL 12  8 6  65 11 0
N4127_GL 12  8 24  76 48 0
N4128_GL 12  8 30  68 46 0
N4129_GL 12  8 54  -9  2 0
N4131_GL 12  8 42  29 18 0
N4132_GL 12  9 0  29 14 0
N4133_GL 12  8 36  74 56 0
N4135_GL 12  9 12  44  0 0
N4136_GL 12  9 18  29 56 0
N4137_GL 12  9 18  44  6 0
N4138_GL 12  9 30  43 41 0
N4142_GL 12  9 30  53  6 0
N4143_GL 12  9 36  42 32 0
N4144_GL 12 10 0  46 27 0
N4145_GL 12 10 0  39 53 0
N4146_GL 12 10 18  26 26 0
N4147_GC 12 10 6  18 33 0
N4148_GL 12 10 6  35 52 0
N4150_GL 12 10 36  30 24 0
N4151_GL 12 10 30  39 24 0
N4152_GL 12 10 36  16  2 0
N4156_GL 12 10 48  39 28 0
N4157_GL 12 11 6  50 29 0
N4158_GL 12 11 12  20 11 0
N4161_GL 12 11 24  57 44 0
N4162_GL 12 11 54  24  7 0
N4163_GL 12 12 12  36 10 0
N4165_GL 12 12 12  13 15 0
N4168_GL 12 12 18  13 12 0
N4169_GL 12 12 12  29 10 0
N4170_GL 12 12 18  29 12 0
N4171_GL 12 12 18  29 12 0
N4173_GL 12 12 18  29 11 0
N4175_GL 12 12 30  29  9 0
N4177_GL 12 12 48 -14  0 0
N4178_GL 12 12 48  10 52 0
N4179_GL 12 12 54   1 18 0
N4180_GL 12 13 6   7  2 0
N4183_GL 12 13 18  43 42 0
N4185_GL 12 13 24  28 31 0
N4186_GL 12 14 6  14 44 0
N4189_GL 12 13 48  13 26 0
N4190_GL 12 13 42  36 38 0
N4192_GL 12 13 48  14 54 0
N4193_GL 12 13 54  13 10 0
N4194_GL 12 14 12  54 32 0
N4196_GL 12 14 24  28 25 0
N4197_GL 12 14 36   5 48 0
N4203_GL 12 15 6  33 12 0
N4204_GL 12 15 12  20 39 0
N4206_GL 12 15 18  13  2 0
N4207_GL 12 15 30   9 35 0
N4210_GL 12 15 18  65 59 0
N4211_GL 12 15 36  28 11 0
N4212_GL 12 15 42  13 54 0
N4214_GL 12 15 36  36 20 0
N4215_GL 12 15 54   6 24 0
N4216_GL 12 15 54  13  9 0
N4217_GL 12 15 48  47  6 0
N4218_GL 12 15 48  48  8 0
N4219_GL 12 16 24 -43 20 0
N4220_GL 12 16 12  47 53 0
N4221_GL 12 16 0  66 14 0
N4222_GL 12 16 24  13 19 0
N4224_GL 12 16 36   7 28 0
N4226_GL 12 16 24  47  2 0
N4227_GL 12 16 30  33 31 0
N4230_OC 12 17 18 -55  8 0
N4231_GL 12 16 48  47 27 0
N4232_GL 12 16 48  47 26 0
N4233_GL 12 17 6   7 37 0
N4234_GL 12 17 12   3 41 0
N4235_GL 12 17 12   7 11 0
N4236_GL 12 16 42  69 28 0
N4237_GL 12 17 12  15 19 0
N4238_GL 12 16 54  63 25 0
N4239_GL 12 17 18  16 32 0
N4241_GL 12 17 24   6 41 0
N4242_GL 12 17 30  45 37 0
N4244_GL 12 17 30  37 49 0
N4245_GL 12 17 36  29 36 0
N4246_GL 12 18 0   7 11 0
N4248_GL 12 17 48  47 25 0
N4250_GL 12 17 24  70 48 0
N4251_GL 12 18 6  28 10 0
N4252_GL 12 18 30   5 34 0
N4253_GL 12 18 24  29 49 0
N4254_GL 12 18 48  14 25 0
N4255_GL 12 19 0   4 48 0
N4256_GL 12 18 42  65 54 0
N4257_GL 12 19 6   5 44 0
N4258_GL 12 19 0  47 18 0
N4259_GL 12 19 24   5 23 0
N4260_GL 12 19 24   6  6 0
N4261_GL 12 19 24   5 49 0
N4262_GL 12 19 30  14 53 0
N4264_GL 12 19 36   5 51 0
N4266_GL 12 19 42   5 32 0
N4267_GL 12 19 48  12 48 0
N4268_GL 12 19 48   5 17 0
N4269_GL 12 19 48   6  1 0
N4270_GL 12 19 48   5 28 0
N4271_GL 12 19 36  56 45 0
N4273_GL 12 19 54   5 21 0
N4274_GL 12 19 48  29 37 0
N4275_GL 12 19 54  27 37 0
N4277_GL 12 20 6   5 21 0
N4278_GL 12 20 6  29 17 0
N4281_GL 12 20 24   5 23 0
N4283_GL 12 20 18  29 19 0
N4286_GL 12 20 42  29 21 0
N4288_GL 12 20 36  46 17 0
N4289_GL 12 21 0   3 43 0
N4290_GL 12 20 48  58  6 0
N4291_GL 12 20 18  75 22 0
N4292_GL 12 21 18   4 36 0
N4293_GL 12 21 12  18 23 0
N4294_GL 12 21 18  11 31 0
N4298_GL 12 21 30  14 36 0
N4299_GL 12 21 42  11 30 0
N4301_GL 12 21 36   4 47 0
N4302_GL 12 21 42  14 36 0
N4303_GL 12 21 54   4 28 0
N4304_GL 12 22 12 -33 29 0
N4305_GL 12 22 6  12 44 0
N4306_GL 12 22 6  12 47 0
N4307_GL 12 22 6   9  2 0
N4308_GL 12 21 54  30  3 0
N4309_GL 12 22 12   7  9 0
N4310_GL 12 22 24  29 12 0
N4311_GL 12 22 24  29 12 0
N4312_GL 12 22 30  15 32 0
N4313_GL 12 22 36  11 48 0
N4314_GL 12 22 36  29 53 0
N4319_GL 12 21 42  75 19 0
N4321_GL 12 22 54  15 49 0
N4322_GL 12 23 0  15 54 0
N4324_GL 12 23 6   5 15 0
N4326_GL 12 23 12   6  4 0
N4328_GL 12 23 18  15 48 0
N4329_GL 12 23 24 -12 34 0
N4331_GL 12 22 24  76 11 0
N4332_GL 12 22 48  65 51 0
N4333_GL 12 23 24   6  2 0
N4334_GL 12 23 24   7 28 0
N4335_GL 12 23 0  58 27 0
N4336_GL 12 23 36  19 27 0
N4337_OC 12 23 54 -58  8 0
N4339_GL 12 23 36   6  5 0
N4340_GL 12 23 36  16 43 0
N4342_GL 12 23 36   7  3 0
N4343_GL 12 23 42   6 57 0
N4344_GL 12 23 36  17 32 0
N4346_GL 12 23 30  47  0 0
N4348_GL 12 23 54  -3 27 0
N4349_OC 12 24 30 -61 54 0
N4350_GL 12 24 0  16 42 0
N4351_GL 12 24 0  12 12 0
N4352_GL 12 24 6  11 13 0
N4353_GL 12 24 0   7 47 0
N4357_GL 12 24 0  48 46 0
N4359_GL 12 24 12  31 31 0
N4360_GL 12 24 18   9 17 0
N4361_PN 12 24 30 -18 48 0
N4363_GL 12 23 30  74 57 0
N4365_GL 12 24 30   7 19 0
N4369_GL 12 24 36  39 23 0
N4370_GL 12 24 54   7 27 0
N4371_GL 12 24 54  11 42 0
N4372_GC 12 25 48 -72 40 0
N4373_GL 12 25 18 -39 45 0
N4374_GL 12 25 6  12 53 0
N4375_GL 12 25 0  28 33 0
N4377_GL 12 25 12  14 46 0
N4378_GL 12 25 18   4 55 0
N4379_GL 12 25 12  15 36 0
N4380_GL 12 25 24  10  1 0
N4382_GL 12 25 24  18 11 0
N4383_GL 12 25 24  16 28 0
N4384_GL 12 25 12  54 30 0
N4385_GL 12 25 42  0  34 0
N4386_GL 12 24 30  75 32 0
N4387_GL 12 25 42  12 49 0
N4388_GL 12 25 48  12 40 0
N4389_GL 12 25 36  45 41 0
N4390_GL 12 25 48  10 27 0
N4391_GL 12 25 18  64 56 0
N4393_GL 12 25 48  27 33 0
N4394_GL 12 25 54  18 13 0
N4395_GL 12 25 48  33 33 0
N4396_GL 12 26 0  15 40 0
N4402_GL 12 26 6  13  7 0
N4405_GL 12 26 6  16 11 0
N4406_GL 12 26 12  12 57 0
N4410_GL 12 26 30   9  1 0
N4411_GL 12 26 30   8 52 0
N4412_GL 12 26 36   3 58 0
N4413_GL 12 26 30  12 37 0
N4414_GL 12 26 24  31 13 0
N4415_GL 12 26 36   8 25 0
N4416_GL 12 26 48   7 56 0
N4417_GL 12 26 48   9 35 0
N4419_GL 12 26 54  15  3 0
N4420_GL 12 27 0   2 30 0
N4421_GL 12 27 0  15 28 0
N4423_GL 12 27 6   5 52 0
N4424_GL 12 27 12   9 25 0
N4425_GL 12 27 12  12 44 0
N4428_GL 12 27 30  -8 10 0
N4429_GL 12 27 24  11  7 0
N4430_GL 12 27 24   6 15 0
N4431_GL 12 27 30  12 18 0
N4433_GL 12 27 36  -8 17 0
N4434_GL 12 27 30   8  9 0
N4435_GL 12 27 42  13  5 0
N4436_GL 12 27 42  12 19 0
N4438_GL 12 27 48  13  1 0
N4439_OC 12 28 24 -60  6 0
N4440_GL 12 27 54  12 18 0
N4441_GL 12 27 18  64 48 0
N4442_GL 12 28 6   9 48 0
N4444_GL 12 28 36 -43 16 0
N4445_GL 12 28 18   9 26 0
N4448_GL 12 28 12  28 37 0
N4449_GL 12 28 12  44  6 0
N4450_GL 12 28 30  17  5 0
N4451_GL 12 28 42   9 16 0
N4452_GL 12 28 42  11 45 0
N4454_GL 12 28 48  -1 56 0
N4455_GL 12 28 42  22 49 0
N4457_GL 12 29 0   3 34 0
N4458_GL 12 29 0  13 15 0
N4459_GL 12 29 0  13 59 0
N4460_GL 12 28 48  44 52 0
N4461_GL 12 29 0  13 11 0
N4462_GL 12 29 18 -23 10 0
N4463_OC 12 30 0 -64 48 0
N4464_GL 12 29 24   8 10 0
N4466_GL 12 29 30   7 42 0
N4468_GL 12 29 30  14  3 0
N4469_GL 12 29 30   8 45 0
N4470_GL 12 29 36   7 49 0
N4472_GL 12 29 48   8  0 0
N4473_GL 12 29 48  13 26 0
N4474_GL 12 29 54  14  4 0
N4475_GL 12 29 48  27 15 0
N4476_GL 12 30 0  12 21 0
N4477_GL 12 30 0  13 38 0
N4478_GL 12 30 18  12 20 0
N4479_GL 12 30 18  13 35 0
N4480_GL 12 30 24   4 15 0
N4483_GL 12 30 42   9  1 0
N4485_GL 12 30 30  41 42 0
N4486_GL 12 30 48  12 24 0
N4487_GL 12 31 6  -8  3 0
N4488_GL 12 30 54   8 22 0
N4489_GL 12 30 48  16 45 0
N4490_GL 12 30 36  41 38 0
N4491_GL 12 31 0  11 29 0
N4492_GL 12 31 0   8  5 0
N4494_GL 12 31 24  25 47 0
N4496_GL 12 31 36   3 56 0
N4497_GL 12 31 30  11 37 0
N4498_GL 12 31 42  16 51 0
N4500_GL 12 31 24  57 58 0
N4501_GL 12 32 0  14 25 0
N4503_GL 12 32 6  11 11 0
N4504_GL 12 32 18  -7 34 0
N4506_GL 12 32 12  13 25 0
N4507_GL 12 35 36 -39 55 0
N4509_GL 12 33 6  32  6 0
N4515_GL 12 33 0  16 15 0
N4516_GL 12 33 6  14 34 0
N4517_GL 12 32 48  0   7 0
N4519_GL 12 33 30   8 39 0
N4521_GL 12 32 48  63 57 0
N4522_GL 12 33 42   9 10 0
N4523_GL 12 33 48  15 10 0
N4525_GL 12 33 48  30 17 0
N4526_GL 12 34 0   7 42 0
N4527_GL 12 34 6   2 39 0
N4528_GL 12 34 6  11 19 0
N4531_GL 12 34 18  13  5 0
N4532_GL 12 34 18   6 28 0
N4533_GL 12 34 24   2 20 0
N4534_GL 12 34 6  35 31 0
N4535_GL 12 34 18   8 12 0
N4536_GL 12 34 30   2 11 0
N4539_GL 12 34 36  18 12 0
N4540_GL 12 34 48  15 33 0
N4541_GL 12 35 12 -0  -13 0
N4544_GL 12 35 36   3  2 0
N4545_GL 12 34 36  63 31 0
N4546_GL 12 35 30  -3 48 0
N4548_GL 12 35 24  14 30 0
N4550_GL 12 35 30  12 13 0
N4551_GL 12 35 36  12 16 0
N4552_GL 12 35 42  12 33 0
N4553_GL 12 36 6 -39 27 0
N4555_GL 12 35 42  26 31 0
N4556_GL 12 35 48  26 54 0
N4559_GL 12 36 0  27 58 0
N4561_GL 12 36 6  19 20 0
N4562_GL 12 35 36  25 51 0
N4564_GL 12 36 24  11 26 0
N4565_GL 12 36 18  25 59 0
N4566_GL 12 35 54  54 13 0
N4567_GL 12 36 30  11 15 0
N4568_GL 12 36 36  11 14 0
N4569_GL 12 36 48  13 10 0
N4570_GL 12 36 54   7 15 0
N4571_GL 12 36 54  14 13 0
N4575_GL 12 37 54 -40 32 0
N4576_GL 12 37 36   4 22 0
N4578_GL 12 37 30   9 33 0
N4579_GL 12 37 42  11 49 0
N4580_GL 12 37 48   5 22 0
N4581_GL 12 38 12   1 28 0
N4584_GL 12 38 18  13  7 0
N4586_GL 12 38 30   4 19 0
N4589_GL 12 37 24  74 12 0
N4590_GC 12 39 30 -26 45 0
N4592_GL 12 39 18 -0  -32 0
N4593_GL 12 39 42  -5 21 0
N4594_GL 12 40 0 -11 37 0
N4595_GL 12 39 54  15 18 0
N4596_GL 12 39 54  10 11 0
N4597_GL 12 40 12  -5 48 0
N4599_GL 12 40 30   1 11 0
N4600_GL 12 40 24   3  8 0
N4601_GL 12 40 48 -40 54 0
N4602_GL 12 40 36  -5  8 0
N4603_GL 12 40 54 -40 59 0
N4605_GL 12 40 0  61 37 0
N4606_GL 12 41 0  11 55 0
N4607_GL 12 41 12  11 53 0
N4608_GL 12 41 12  10  9 0
N4609_OC 12 42 18 -62 58 0
N4612_GL 12 41 30   7 19 0
N4616_GL 12 42 18 -40 39 0
N4617_GL 12 41 6  50 26 0
N4618_GL 12 41 30  41  9 0
N4619_GL 12 41 42  35  4 0
N4620_GL 12 42 0  12 57 0
N4621_GL 12 42 0  11 39 0
N4622_GL 12 42 36 -40 45 0
N4623_GL 12 42 12   7 41 0
N4625_GL 12 41 54  41 16 0
N4627_GL 12 42 0  32 34 0
N4630_GL 12 42 30   3 58 0
N4631_GL 12 42 6  32 32 0
N4632_GL 12 42 30 -0  -5 0
N4633_GL 12 42 36  14 21 0
N4634_GL 12 42 42  14 18 0
N4635_GL 12 42 36  19 57 0
N4636_GL 12 42 48   2 41 0
N4637_GL 12 42 54  11 26 0
N4638_GL 12 42 48  11 26 0
N4639_GL 12 42 54  13 15 0
N4642_GL 12 43 18 -0  -39 0
N4643_GL 12 43 18   1 59 0
N4644_GL 12 42 42  55  9 0
N4645_GL 12 44 12 -41 45 0
N4647_GL 12 43 30  11 35 0
N4648_GL 12 41 48  74 25 0
N4649_GL 12 43 42  11 33 0
N4651_GL 12 43 42  16 24 0
N4653_GL 12 43 54 -0  -34 0
N4654_GL 12 44 0  13  8 0
N4656_GL 12 44 0  32 10 0
N4657_GL 12 44 12  32 12 0
N4658_GL 12 44 36 -10  5 0
N4659_GL 12 44 30  13 31 0
N4660_GL 12 44 30  11 11 0
N4661_GL 12 45 12 -40 49 0
N4662_GL 12 44 30  37  7 0
N4663_GL 12 44 48 -10 12 0
N4665_GL 12 45 6   3  3 0
N4666_GL 12 45 6 -0  -28 0
N4668_GL 12 45 30 -0  -32 0
N4669_GL 12 44 48  54 53 0
N4670_GL 12 45 18  27  8 0
N4672_GL 12 46 18 -41 43 0
N4673_GL 12 45 36  27  4 0
N4674_GL 12 46 6  -8 39 0
N4675_GL 12 45 36  54 44 0
N4676_GL 12 46 6  30 44 0
N4677_GL 12 47 0 -41 35 0
N4679_GL 12 47 30 -39 34 0
N4680_GL 12 46 54 -11 37 0
N4682_GL 12 47 18 -10  4 0
N4683_GL 12 47 42 -41 32 0
N4684_GL 12 47 18  -2 43 0
N4686_GL 12 46 42  54 33 0
N4687_GL 12 47 24  35 21 0
N4688_GL 12 47 48   4 20 0
N4689_GL 12 47 48  13 46 0
N4691_GL 12 48 12  -3 20 0
N4692_GL 12 47 54  27 13 0
N4694_GL 12 48 12  10 59 0
N4695_GL 12 47 30  54 23 0
N4696_GL 12 48 48 -41 19 0
N4697_GL 12 48 36  -5 48 0
N4698_GL 12 48 24   8 29 0
N4699_GL 12 49 0  -8 40 0
N4700_GL 12 49 6 -11 25 0
N4701_GL 12 49 12   3 23 0
N4703_GL 12 49 18  -9  7 0
N4704_GL 12 48 48  41 55 0
N4705_GL 12 49 24  -5 12 0
N4706_GL 12 49 54 -41 17 0
N4707_GL 12 48 24  51 10 0
N4708_GL 12 49 42 -11  6 0
N4709_GL 12 50 6 -41 23 0
N4710_GL 12 49 36  15 10 0
N4712_GL 12 49 36  25 28 0
N4713_GL 12 50 0   5 19 0
N4715_GL 12 49 48  27 49 0
N4718_GL 12 50 30  -5 17 0
N4719_GL 12 50 6  33  9 0
N4722_GL 12 51 30 -13 19 0
N4724_GL 12 50 54 -14 20 0
N4725_GL 12 50 24  25 30 0
N4727_GL 12 51 0 -14 20 0
N4728_GL 12 50 30  27 26 0
N4729_GL 12 51 48 -41  8 0
N4730_GL 12 52 0 -41  9 0
N4731_GL 12 51 0  -6 24 0
N4733_GL 12 51 6  10 55 0
N4734_GL 12 51 12   4 52 0
N4736_GL 12 50 54  41  7 0
N4738_GL 12 51 6  28 48 0
N4739_GL 12 51 36  -8 25 0
N4742_GL 12 51 48 -10 27 0
N4746_GL 12 51 54  12  5 0
N4747_GL 12 51 48  25 47 0
N4749_GL 12 51 12  71 38 0
N4750_GL 12 50 6  72 52 0
N4753_GL 12 52 24  -1 12 0
N4754_GL 12 52 18  11 19 0
N4755_OC 12 53 36 -60 20 0
N4756_GL 12 52 54 -15 25 0
N4757_GL 12 52 48 -10 19 0
N4758_GL 12 52 42  15 51 0
N4760_GL 12 53 6 -10 30 0
N4762_GL 12 52 54  11 14 0
N4763_GL 12 53 24 -17  0 0
N4765_GL 12 53 12   4 28 0
N4766_GL 12 53 6 -10 23 0
N4767_GL 12 53 54 -39 43 0
N4771_GL 12 53 24   1 16 0
N4772_GL 12 53 30   2 10 0
N4773_GL 12 53 36  -8 38 0
N4775_GL 12 53 48  -6 37 0
N4777_GL 12 54 0  -8 47 0
N4779_GL 12 53 48   9 44 0
N4780_GL 12 54 6  -8 37 0
N4781_GL 12 54 24 -10 32 0
N4782_GL 12 54 36 -12 34 0
N4783_GL 12 54 36 -12 33 0
N4784_GL 12 54 36 -10 37 0
N4786_GL 12 54 30  -6 52 0
N4789_GL 12 54 18  27  4 0
N4790_GL 12 54 54 -10 15 0
N4792_GL 12 55 6 -12 30 0
N4793_GL 12 54 36  28 56 0
N4794_GL 12 55 12 -12 37 0
N4795_GL 12 55 0   8  4 0
N4796_GL 12 55 6   8  4 0
N4798_GL 12 55 0  27 25 0
N4800_GL 12 54 36  46 32 0
N4802_GL 12 55 48 -12  3 0
N4807_GL 12 55 30  27 31 0
N4808_GL 12 55 48   4 18 0
N4809_GL 12 54 48   2 39 0
N4814_GL 12 55 24  58 21 0
N4815_OC 12 58 0 -64 57 0
N4816_GL 12 56 12  27 45 0
N4818_GL 12 56 48  -8 31 0
N4819_GL 12 56 30  26 59 0
N4825_GL 12 57 12 -13 40 0
N4826_GL 12 56 42  21 41 0
N4827_GL 12 56 42  27 11 0
N4830_GL 12 57 24 -19 42 0
N4833_GC 12 59 36 -70 53 0
N4835_GL 12 58 6 -46 15 0
N4836_GL 12 57 30 -12 45 0
N4837_GL 12 56 54  48 18 0
N4838_GL 12 57 54 -13  3 0
N4839_GL 12 57 24  27 30 0
N4841_GL 12 57 30  28 29 0
N4845_GL 12 58 0   1 35 0
N4848_GL 12 58 6  28 15 0
N4849_GL 12 58 12  26 24 0
N4850_GL 12 58 24  27 58 0
N4852_OC 13  0 6 -59 36 0
N4853_GL 12 58 36  27 36 0
N4856_GL 12 59 18 -15  2 0
N4859_GL 12 59 0  26 49 0
N4860_GL 12 59 6  28  7 0
N4861_GL 12 59 0  34 52 0
N4864_GL 12 59 12  27 59 0
N4865_GL 12 59 18  28  5 0
N4866_GL 12 59 30  14 10 0
N4867_GL 12 59 18  27 58 0
N4868_GL 12 59 6  37 19 0
N4869_GL 12 59 24  27 55 0
N4872_GL 12 59 36  27 57 0
N4874_GL 12 59 36  27 58 0
N4877_GL 13  0 24 -15 17 0
N4880_GL 13  0 12  12 29 0
N4881_GL 13  0 0  28 15 0
N4886_GL 13  0 0  27 59 0
N4887_GL 13  0 36 -14 40 0
N4889_GL 13  0 6  27 58 0
N4892_GL 13  0 0  26 54 0
N4895_GL 13  0 18  28 12 0
N4896_GL 13  0 30  28 21 0
N4897_GL 13  0 54 -13 27 0
N4899_GL 13  0 54 -13 57 0
N4900_GL 13  0 36   2 30 0
N4902_GL 13  1 0 -14 31 0
N4904_GL 13  1 0 -0   -2 0
N4907_GL 13  0 48  28  9 0
N4908_GL 13  0 54  28  2 0
N4911_GL 13  0 54  27 47 0
N4914_GL 13  0 42  37 19 0
N4915_GL 13  1 30  -4 33 0
N4919_GL 13  1 18  27 48 0
N4921_GL 13  1 24  27 53 0
N4922_GL 13  1 24  29 19 0
N4923_GL 13  1 30  27 51 0
N4926_GL 13  1 54  27 37 0
N4928_GL 13  3 0  -8  5 0
N4929_GL 13  2 42  28  3 0
N4930_GL 13  4 6 -41 25 0
N4931_GL 13  3 0  28  2 0
N4933_GL 13  3 54 -11 29 0
N4936_GL 13  4 18 -30 32 0
N4939_GL 13  4 12 -10 20 0
N4941_GL 13  4 12  -5 33 0
N4942_GL 13  4 18  -7 39 0
N4944_GL 13  3 48  28 11 0
N4945_GL 13  5 24 -49 28 0
N4947_GL 13  5 24 -35 20 0
N4948_GL 13  4 54  -7 57 0
N4951_GL 13  5 6  -6 30 0
N4952_GL 13  5 0  29  8 0
N4956_GL 13  5 6  35 11 0
N4957_GL 13  5 12  27 34 0
N4958_GL 13  5 48  -8  1 0
N4961_GL 13  5 48  27 44 0
N4964_GL 13  5 24  56 18 0
N4965_GL 13  7 12 -28 14 0
N4966_GL 13  6 18  29  4 0
N4971_GL 13  6 54  28 32 0
N4976_GL 13  8 36 -49 30 0
N4980_GL 13  9 12 -28 38 0
N4981_GL 13  8 48  -6 47 0
N4984_GL 13  9 0 -15 31 0
N4995_GL 13  9 42  -7 50 0
N4997_GL 13 10 0 -16 30 0
N4999_GL 13  9 36   1 40 0
